6702
-94
-515
43604
-52399
682
90
6645
-57267
-95346
-73599
-562
-6661
-70371
-9797
-369
488
-533
-94
20604
-85
-84
-96
500
-4555
-460
97
-92
-69654
-9022
-8228
36978
95
-726
-7187
-92
-2082
90
3535
-386
-97
-89
275
852
772
-32541
638
597
91
2733
7945
-30907
-2088
-93
-84
-12172
-9329
-81
-155
-3059
-70056
-54189
89
-44984
-523
83
-83
98
-6979
230
689
-2994
-9415
2311
-540
9272
8363
-88
-8982
-5585
96
-75259
-83
448
-92
-6339
568
-97
-585
-903
-941
-724
-96
-9672
99218
-6409
84
-13053
-4791
87
-8763
10107
92
100
4344
840
-59330
84
97766
806
-4750
-9459
-1572
85
9150
71648
-88080
-480
59473
-99
-89
-883
-55277
-99
-86056
95
159
-270
-82
20298
-63007
57007
-1516
-100
-3382
-400
-9003
84147
98
5683
522
-13701
-5055
472
-97
-327
-4962
-93
54033
-95
-7144
-77867
-132
-249
-7458
-992
89
-82
-630
-99341
-85
-993
-93
-443
-83
-24690
-86751
6251
735
-60975
-679
7038
-2160
-94868
-94
720
625
3475
-979
-58737
-89723
89
205
2309
90
97
35220
96
278
-144
-3875
100
-1238
-595
-5747
-73629
-89
-514
-2258
-834
-3029
-750
-18808
98
-3596
-74408
-2676
88
-89
-83
-90
6825
-3195
5183
7982
67335
-916
-843
487
-98
-9617
-26622
-11021
-682
524
-6435
6123
-6418
-5265
-737
-6464
-85
-26995
2157
93
-37444
49135
-53979
-89
933
-4818
-482
-28839
953
824
-5598
-94552
82
-7300
-552
12978
747
-9018
-559
-6625
89
-3715
87
-98482
-97
-93
-97
948
87
-6421
566
-7534
95
-286
-93
100
-57794
-554
-443
30903
-944
-90
-64258
-21706
468
-950
26756
-47570
-72455
69105
-533
86
-51031
-5399
-401
-95
22368
-58098
83
9939
-99
296
3795
93
2450
-3474
3771
-92779
99
-590
-274
-764
325
80
-99
97
84
-81
9594
-629
-19358
-55001
142
95
-608
-46899
44213
87
-80
687
7275
-85048
-896
-84
-96
-94
-91486
1991
67319
966
-898
-830
-699
-72468
82
-63826
-98
-82
-9921
-5367
-7470
-99
-44355
-777
89785
-365
189
378
-96
971
32688
92294
-167
26387
-9493
-217
87
-404
574
-87035
95
83
766
-99
-5849
-92
240
-46163
-83
-4627
-522
162
65159
-99392
1558
99
-88
65576
6619
90
-91
-2963
91
100
60466
-92
-87
-5588
-70540
-94
-577
-734
3252
9746
-60722
339
97
-91
90
-90
-82
-96
-82
-264
-45390
3398
6048
-380
-26393
88
-8123
-86
-399
-109
-82
340
-46998
9802
96
-386
31440
593
395
-81
-848
-621
-131
-949
7039
-4488
-182
-7472
35474
-9107
-6787
-9297
96
-81
-2892
81
81
67877
-4675
-7470
-24174
86
-3231
787
70172
-252
86
-18916
230
-98
88
271
94
-100
-97
44840
59005
-87
-3667
-389
6632
-13374
-85819
74738
1012
-81429
99
7071
615
-2257
-4350
-91
8576
-75681
503
91
-58098
-759
68750
-69775
-92
-977
-55964
-80518
341
8641
-87646
-81
88
3960
86
-7254
-79805
-5197
-98
-72761
-6750
69675
-89
83
3577
804
-79012
83
-6768
-742
32782
94
-7393
-70348
793
9798
-5995
-574
93
-4883
-83
-89
-3670
-771
-72364
7369
602
-142
94
356
-8542
775
-61497
85999
-302
-50472
734
-99
-2672
-51215
-7419
87911
88
3020
22399
-93
-3114
114
80
-82
21645
-94
3531
-130
745
-93
-2663
-886
-85
98
-82
5978
-30110
-972
43208
-9223
80
485
-86
781
-13393
1746
5327
-94
-205
-488
-737
-81
542
87
7250
96
-86
-89
476
237
637
-9370
-7460
100
-2337
-73508
-96
-80
-46302
-7894
-5657
2016
-172
36272
382
3080
82
78631
-98
4722
-47312
-55203
-3234
-6054
319
-94
-5527
90
448
152
-513
5484
-163
418
69329
874
-51711
-6885
1237
-6649
179
480
-764
-39742
-394
-259
90
3262
-100
-43834
-27920
-731
-5686
-89613
336
-7329
-71975
-8425
3273
96
-99
84
6460
-53156
-625
96913
-90721
-269
7898
-745
-9733
-459
-90
-87
807
-51256
-4072
-744
-21933
-418
-6635
31420
81
-23862
-85
-43121
-91
3250
93
-238
507
-42323
-671
-85072
538
-37638
-92
-359
8281
-92
-80
82
-7448
78569
-87
-268
-245
592
507
-4554
-97
20638
-614
998
-23601
86
-1016
-82
83
49096
60386
-100
477
87
-91
-80
-11056
96005
4182
-1083
895
30878
-5074
99
-8224
-4208
-81
86
611
-65023
-5363
100
-92
-50207
-40686
663
8486
-8346
-449
-9830
72475
-886
-43945
6289
-232
96
95
-97
1463
23220
8336
95687
93
-84
-44155
94
-418
4659
55772
-388
-3132
284
-5334
-65892
-35142
-37815
677
-711
98
6956
-4278
-403
-2857
-1217
-630
19078
94
67302
98502
-23810
-894
-3114
-991
1315
4081
-6005
-383
-52847
-100
-83
734
-494
-81
238
-226
-110
1087
-813
8276
-82
-4206
713
-230
-14308
-480
1496
-6249
-85
92
-313
830
843
-88
-79552
-55018
230
-769
525
-99
-87
16246
-89
-85
97
-107
5975
-81
-90256
93
85
-84
94823
54060
86233
94
-9507
-86
-91
25162
-91
94540
-147
-96
975
-202
-875
-81
-82
-438
-103
5437
-83
-58503
8218
36597
-88
-50345
6175
932
1429
-9480
8492
6288
-2503
22433
-2433
90
99
-21311
-94
-984
-40493
-983
-92
830
-54993
-180
398
77077
5013
-921
-90
249
-92
-844
-217
7430
-302
-6153
-696
-8024
39338
-97
414
745
-29825
-857
-2953
-24676
2240
-3261
-535
-663
-100
-44154
-291
858
-33106
-23052
-54183
2712
-92
-2072
-26824
-1675
51131
-462
-4193
-945
98
1372
-16900
50775
354
-548
-86
3221
5532
99152
9116
1096
-5085
138
-8913
-416
309
-84
1225
-756
285
-34430
-67580
-9689
2524
88
-56656
-80897
-80
1518
77195
-89
-561
4210
-81456
160
589
-85
-198
-578
50430
-61113
90
8169
-99
1186
-89
-1052
967
-527
-443
65690
-12556
-72994
-591
41765
-2977
2663
-80
-583
-91
-194
-7811
-92169
-2239
101
66408
-172
99033
-82669
-679
-82
47016
-293
378
88
-5085
-193
927
89
-360
37993
-9465
2145
28246
-864
-87
7956
-99
41134
-233
-24307
-6912
-91
9890
6325
-80
-51080
-330
-87413
-6630
-15815
16266
91
74074
-2221
89
-2147
-93
6584
137
-3053
599
5610
-52607
21763
-9927
85063
-429
805
101
-966
25118
-223
1795
-640
-6427
94
-348
173
-6710
89
41359
6147
-200
-9562
97
89
-81
-371
383
92
-70727
-2143
-9549
-84227
-96
-4202
8630
83
-100
-463
70101
84765
942
-70601
230
99
-84
80
77802
942
92
-69836
-96
-10507
-7144
-49480
-1826
-400
4625
-90
-81
-87
91
-84
-9492
89
-454
-895
-7971
-90
347
-100
1157
4671
-815
93
87
-88
-6459
2583
-95
22220
661
93
-92
452
-362
-81
-3048
856
-122
-95
-145
94
-39148
773
93
-51766
92
428
89
-655
-47106
2747
-3465
-112
929
93
-7288
-5736
-677
-17375
-21852
-583
196
-83
56893
-275
-28183
257
956
-5363
-1965
83509
-9833
-97
-70210
-8652
82
987
-1565
8256
-5976
97
-85
-97
850
-4006
49197
463
33825
88
805
-18503
-10291
-731
51617
-721
-2199
-40590
-203
-81
5675
19697
-534
-434
-98868
-85
322
-87591
-179
-989
-1520
86866
8342
97
-403
-861
5315
-67576
538
475
46476
-81
459
36659
-84
-7152
-94953
8107
341
-61570
-4832
-44447
85
99
18290
89051
211
-7073
5230
-8292
99124
76689
-4860
-82
80
-93
-427
-85677
-95
-879
8504
25886
-1342
-88
7076
63266
-96
-376
-78940
92
9607
-6319
-98172
-87
-81971
6794
-8496
-86
-99998
-1312
4558
-900
7801
15606
-81
8278
-2586
998
361
429
-90
-8894
-6626
-43867
8609
-853
-20303
-99
-88
-97
92
82091
-81
9917
-41616
-321
-31922
-5666
-3695
8305
686
-53342
-35746
85
93
-2710
-296
-45290
-400
-9519
-3403
34599
-5634
31063
88
-4726
-98
85
-8503
3867
-36471
27410
-86
-54409
576
-87
514
91
-86
-4650
-86
89
-98
-83
85213
31290
-50595
-6271
-468
-62947
5264
-95
93562
81
358
-7153
88
-616
-3994
-5779
98
85
-71790
-84
7062
-6714
90
5606
86
-3546
68573
-8406
-7416
-7868
3366
95551
-444
-884
-242
-66872
-51099
-9677
-646
-2881
-67003
9382
-3485
178
99
-6039
-94
-4250
99860
-82
97
86124
99559
4474
-133
1150
-93
87
-29372
91727
-6039
95
91718
-100
977
-83
53841
-7940
-98
-346
-391
-707
452
-166
-93
-89
-89
-4373
791
-905
88
-98
232
867
-9971
-102
90
-90669
-722
-506
31817
-844
-2478
-8481
-4156
-823
96459
-92
-19386
-496
-2684
-203
95709
-872
91
-49931
-836
-75375
98
-6714
-9612
674
-7494
-362
-29760
63162
85
483
769
82
68529
93
58309
81
-97
-338
-50429
-828
-29138
321
-765
91
5729
87
-838
-81
899
508
61525
-768
5499
-85
-489
-9753
-72010
-122
-4944
88
-81
80
-90
-5755
-196
-5960
54033
644
7502
195
863
630
88
-6651
-70116
927
-6393
219
3969
-743
-9794
-2505
-444
65880
-9644
-45514
-213
84
-160
-97
87
-418
-86
-4387
-59553
8208
2262
-39284
416
-20985
-60747
8990
618
-96
-298
-698
99
-6821
-82
9223
-92
-93
-533
-1926
-80
-61203
-98
-31705
16579
99
97
-259
-753
-84
-7053
-96
95131
3723
42240
-5416
-86
296
-5875
93
2654
-48307
590
-973
-214
-90
-51934
-1669
3590
86
15145
-4568
46155
15407
1391
-21561
97
-3436
33608
-84
-6956
217
186
-631
-97
-984
-6954
96192
86616
-843
-56426
-349
-3080
-86
-27677
-98521
-9039
6440
-8277
-320
-2988
-695
-622
-890
-13676
269
4489
3012
-110
-840
-90
5673
-15764
-822
275
-769
-87
-23675
-91
-90
551
-32007
32381
-497
85
-5969
-971
82751
708
-100
94
-8631
-5248
-87
-1953
-5452
-8441
-381
-2334
967
-90
81
-91
90525
-2383
-84
-76462
-98
509
80
-86
7521
-2481
-791
-84817
87
36727
-83
83
-793
-887
-84721
-80
91
-3709
120
9323
-97
-83
-100
-245
-91472
-80
-6421
-84
239
541
-16731
-92562
-5407
6400
-87
-90
-92
-95
-923
808
794
-85897
832
-81
-85
-89
109
-6741
-1898
190
7148
-98
-38138
2056
-7128
-90
-6532
8465
-349
17582
86
-37553
-90
89
-18509
78455
99
-737
-190
-583
-1153
-100
28123
-982
-99615
-7427
-80
81
81345
-93
-171
-97
-8186
-57125
408
7538
-99
83409
-55986
4421
-87
47406
-262
-6561
91
-141
2936
988
-4490
7218
-87
-521
90629
6800
767
-22524
-246
-81
-7161
-36468
827
-355
-238
-1345
-80
65526
-63848
-770
-56200
92
-4198
-65431
-6342
688
-9601
70051
86
-872
-40300
-42936
-90
36759
-647
-35645
-82
4249
-58234
-86207
-96
-8592
-5294
-100
-1255
3204
88
-5764
171
95
-94
-646
-71186
2952
1061
-899
89
-16406
546
-278
-6470
-62680
847
-80
-85
-86684
-86
5161
-2936
-87
89238
1888
-84402
75718
-76265
-103
-5956
-3616
85833
66374
-14520
-94
-88422
93
-25977
954
-310
-877
-55037
871
85
9074
-397
-45046
-8249
-874
-219
-32842
-619
-88
1114
-99842
30066
-3189
81
33713
88600
63398
-4560
90
-235
-504
-57593
-90
7440
-899
95734
-100
-1638
502
-78802
92
-861
-95
-93
66485
-369
-90
-23832
-2265
909
402
-996
-85738
-303
-80764
-89
341
-3374
-56977
80
-95
16747
-9606
-83
83
-477
-14195
86
6778
-86
1834
-1142
706
698
99
92744
-9585
-37125
-563
-91
-80
-97
711
541
349
535
-98386
84
-504
-75355
85
-632
-7821
799
-5704
26482
9594
5478
-132
-8429
1683
-327
-1903
-90
80670
-86420
225
-82747
-87
678
-87141
-73979
-271
-70109
-86
8631
-183
17216
84
-1819
-86
61673
85461
8809
927
87
8005
-910
-92872
4656
29307
-3956
-8478
-27436
-232
-82
1014
88
171
13505
-4352
66213
-3743
-876
5883
-785
-453
-95418
5826
990
-40342
2084
-59544
-80
778
-90
-6447
-6506
-136
364
94
87
-83
-96
-81
-2150
-83
-5511
-83
303
-96001
98
-1699
-3680
22517
-88
-89
-22551
7525
84
7455
-796
-360
-6603
-92
-98
-81
-6217
6427
93116
58027
90502
93
-87
7892
-53886
93
-507
-923
-94
-7009
-92
96
326
-2382
188
-93344
-4587
473
397
-94
-5338
-54863
6308
-50823
654
-76142
12211
-83
-93
-577
-1282
-862
83
-625
-366
-935
-571
-308
-4887
167
-1290
-7729
100
-85
-19754
-9214
-81
-86
-6796
8967
-82
453
-2709
-9141
-95
89
-48739
85
98
1748
90
-991
7435
-145
-535
-6260
-91443
-96
45296
90816
-3838
-87467
-7713
95
3040
98111
-5511
-9584
-9565
50193
325
-2061
-83
-61883
976
81764
-898
-3356
6690
-87
-86254
-480
-44345
-415
-49154
-2331
-87232
-4126
-4497
-80
-97
-8989
-89
-69238
-8149
-369
81
-100
7732
-68422
-1639
-2164
-9382
-63494
486
45174
81
-4830
4301
-5941
-98
562
-410
530
9352
-87692
-80
-1724
73563
7586
-83
342
-912
-2875
-91
-84422
-99024
-7232
-12074
-87
-285
-4220
9495
774
-363
-194
769
9850
-64511
91
-616
-1123
83669
-9275
-9394
820
93
3628
32013
324
99
-8551
-98
-38575
-187
-91339
4556
-1314
930
-867
-33252
92
-3844
13149
-212
-252
3658
-86
569
-6466
-45499
917
-2699
92
-2171
686
660
-53253
95
276
7968
-8790
9501
-688
-97
-224
-93605
-82754
-228
857
-81
-3102
35375
84
92
9655
-4074
-3143
93
8012
4820
98
798
-98
-192
80
-490
-8758
-517
-367
-241
21085
-83
4409
9242
-1523
105
2092
-234
86
-71272
-959
84
-7340
-430
-70686
-86
47778
-588
-5204
-94
87
80
200
90943
-146
-3309
111
-1736
-83
-8082
-63436
1548
6999
84
77731
-54526
13258
-5426
85
3004
-7077
-6505
-427
-91
9350
30716
557
-8715
-156
-5616
2200
-5231
87664
81
-92650
-890
-263
3419
-681
41247
28614
-6050
-96
-43269
-86
5488
115
-672
-85
91
-849
-34654
-19249
93
-99
-91783
-28906
-90
-89
-549
96
-447
-351
-69366
-3673
4751
-579
18801
-19055
-3947
4514
-16918
-6796
-30758
-77945
-2735
-748
94
-737
-94
73510
-98900
-16452
-100
866
-7466
-38914
-624
-2001
-4942
80
59160
-98
89620
-218
-487
-4808
-2075
-54305
56408
-25601
83
-9564
-330
-25140
26664
93
847
620
-5337
-3917
-21263
-167
98
54113
-328
7943
3388
-4790
-4193
88042
86
-8614
-81
-764
-7988
-85
-92
-82
-9668
718
366
-93
-8312
-154
-54785
-585
96
19591
-78955
49822
42725
-38333
-3174
-98
84795
7427
-559
-472
-236
560
-80
-418
746
89
62815
-75500
7700
11926
-653
-78595
-514
3838
-5739
-14601
-86
-272
-67859
-90
-27205
-588
9708
2784
-5664
-709
-2083
-87774
93
-83609
95
-3972
8570
-88
-94
-658
6849
61476
59996
100
-60586
-97
-302
-82
3009
-3301
94362
-80
93
-92006
-8365
100
97461
-94
-68986
23439
-782
-1535
-96
-9242
-89
40481
-92
-453
904
-92
-490
-8008
-86
-96
962
319
-99
79952
5190
92
-550
5757
80
84564
-5083
-4358
-82
-5133
100
-9943
64238
-453
2105
84
8882
86
82
-96
-669
-1724
5595
-957
-90
478
-97
67803
76907
-90842
707
-336
92
-9135
689
-253
3777
17322
-81
-2682
-7165
-500
765
-100
-83
70478
-96
8121
80
-82
31226
-88956
39714
-789
-145
81917
-84
-89
-93649
-480
37417
949
-96
-540
714
-32288
-45756
-86
-230
-97289
-486
-436
82
-81883
-8125
98
-290
-13888
-103
88297
202
-98
97
-2898
88
-7334
-251
81
-1570
55150
-7874
-88
-37790
-73179
-90
-4518
-496
-948
-99
645
-2528
-166
100
6458
7191
-143
574
-3339
71071
77865
-7674
-80
-268
392
-93
-70731
-7900
97
400
627
-313
738
-3824
443
-8222
51608
740
2770
-706
779
-2490
-967
-80
-65140
658
-99
-9085
80
-81
-9655
-97279
-80348
91
55925
29663
758
-3250
-75377
6504
369
-18806
745
-803
63720
57390
-29706
40558
-84
-52855
-3424
-185
89
40898
907
-64381
90
-586
970
653
-1244
399
91
2948
-71801
-9761
-6588
94
-697
214
59964
5695
93
1248
245
-98
8591
40403
-8304
-48245
-4873
-948
-6266
-737
-9199
-890
82
-3279
-22809
-37989
-88
-285
99
-861
-5885
3872
37943
1173
-81
-658
-48446
-96
85
-98
-3709
-68883
-2117
-51699
-57590
53404
237
-753
46067
-8608
4915
-90380
858
-91
-29394
-464
-19655
-4137
-393
92
-75868
86069
-6303
-98062
-66330
-67035
-2054
-95
-84
-746
267
271
98
-96
-81
-1421
-4225
-86
82
-903
86142
466
-94
61780
9091
-71042
-835
29022
96
-81052
5853
6892
-21827
-4642
-4134
-86
91
-791
86001
-14784
183
-4268
-89
-7919
-375
-89
-88
-3473
-95
118
-902
-654
-4131
5440
7950
-363
-2237
-35921
62640
-21182
-80
793
631
-84
-98
796
329
-458
98
-742
82
-29614
-9601
-569
-89
94649
-82889
-51315
-88
-664
-66877
81
-80
57748
582
-88
6814
690
667
-596
-23702
-693
98
-838
3614
-737
-472
-8063
-796
32623
-86
-57383
-86
-9608
-173
-21016
-11162
97
9520
88
-2530
715
-5086
-83
-80
-70297
-8848
437
-94875
-856
-862
310
-328
489
-43319
-23314
70215
-91
-57539
-11569
6973
9139
-556
-7278
-7732
-14346
-646
-98
-2970
-87
-92
89
-8573
-97
3810
-83619
-8126
4071
-449
853
3385
81
-84
-92
-97442
82
-1103
693
97036
-42445
71988
-92
-89
4357
-19494
-615
86
-197
-57432
-100
-91
160
4369
-801
-586
95
-100
4208
-94
-89
57775
-363
24520
495
-3035
6660
-89
98
-83
-732
-66565
-91
-4261
9704
-3089
1444
-99889
-4380
-971
-297
-89
-84
-675
-94
292
-222
-5104
89
-81393
88
86
-75237
-3646
-49737
9702
-25661
-42398
-81003
-6287
-100
433
-435
-89
662
-2725
992
-8210
87
-82
885
-10517
9742
-5805
72268
-91630
-14650
-89
13870
140
726
84
-98
-64275
-80
-7937
218
-3546
520
-867
-722
80
-33346
62561
-44873
13269
-7316
7656
-85229
-1294
93
-85
-5481
-332
112
-979
-447
-49171
-813
-314
99
-1498
-784
-77981
-57977
-90
567
-94
83
-577
-82
7781
-92
-9858
85
-84
-94
-201
-667
99208
484
-38980
-39664
-13523
-97911
-312
-127
98
-549
-18797
-921
99
8376
-8513
-184
-81
-1037
-5530
-6176
-93
-96
578
-341
-861
584
-469
97
96
30957
8185
-83
-2011
-916
-219
5317
14807
-97
31146
38878
-1770
-381
3309
3811
-100
-93
-97
-75487
-919
803
-1936
14641
93
82416
628
-89
43231
81
263
-238
7031
-89
-590
-450
-7803
-46867
-539
228
76054
-763
-27175
-84
-85676
-7501
-87
-6052
-2555
-305
-7268
80
-96
-93
5631
-23789
91
-100
98
756
-442
86861
87450
985
378
-547
228
-9719
-3233
-305
4178
-99
97
-17248
539
32598
96
95
812
83183
-5613
-3266
-85
-195
-22117
-188
701
84
97
97
-98
-48659
4795
95515
-88
54705
-56845
4100
863
-87
440
-76142
-4489
-80
-16454
-49187
-97
-879
638
804
-220
90
-40174
-86
-3871
-100
-401
-9808
645
-1598
-960
941
84707
2710
182
-95796
8548
80
-51913
-7464
-838
-500
-58278
-22782
-532
29417
-773
-65523
-93
100
-565
-98
765
6276
-225
5858
5262
-255
-336
81
-543
80
-717
18141
5917
-42939
909
-358
40123
-83
1101
-94
-81
4559
44312
-7016
-503
801
-789
69284
-83
-6990
8889
-6166
-940
-82
-211
-87
-63391
41306
849
-95
-531
-6658
80
-85
-611
-10708
-252
-463
-93
-800
-6245
734
-101
95
944
-87
-460
94
9593
-3611
-93
45952
9788
-99
-7917
96
4017
-70471
-6176
-793
4778
-7608
4472
84
95
6550
-287
848
-80
34009
-25105
-270
3642
-8897
39377
-5659
231
-86
-80
735
-1522
21610
-81
-273
5808
-87
-179
912
87
-7213
-3078
-12027
389
-7757
-81
-417
9655
96987
-492
-2535
-87440
-768
-173
-5865
-7555
-3046
91
-5241
-849
-10493
-71379
-11920
266
16203
-84
23340
394
-225
-3228
-87
-86
-4012
-55742
-32738
4800
-5573
-49913
94
-1564
-52690
96
-19032
-3511
-7483
-575
-714
-93
-402
829
-589
87
-75963
-205
-311
-7506
-84
-82
-9572
-81
-87
6918
112
84
-44609
470
-603
2579
-8909
-87
-1749
-9542
644
-3542
-82
-99
155
61213
-566
2771
-94
-34412
-538
48503
-83
-27018
-80
4656
-98
-112
-70444
-3340
89
3810
-6550
99
-7521
-8337
-9826
-548
-29489
-213
92990
490
-20543
2878
-983
366
-85
-5985
-92
-4329
45770
67736
945
-441
-445
465
-9829
-886
-3127
-95
-312
-460
-84
-921
-6540
-7307
87
-81
-100
85755
761
-98
536
-97
-271
-66369
275
85
7044
-80
-5215
-3013
-43163
-1445
-80
-19718
-93
-7702
-90
61611
-95
-3867
-3418
-16629
-303
72961
1082
8899
-80
-547
-96
-97
922
-657
-37249
81506
-3490
-311
-2697
-90
729
-97
5676
89
728
-1312
-7227
-94
-8655
89
-543
-82
-99
-5833
185
-81
88
-964
-85
3818
-8189
27262
-34866
18042
-4941
-3648
378
-33214
-9230
80
1799
-84908
35307
98
-689
-60040
-9885
437
86
-87
-51966
7403
-95
-6115
-89
670
-207
5929
80
-559
3794
-87
-85
-91
-94
61474
-90
-3456
-9099
-87
358
-14325
-7375
6018
-480
-57040
92
84428
-742
87
-504
-3931
99
-92
-32796
2622
-481
100
-2655
-42572
-959
79901
-88
-4650
65541
-62035
-95
9007
-487
-33834
-829
-254
-93
84
-62159
257
-83
26611
8451
-1603
-620
-85292
-408
653
-31808
46085
-613
-4257
-63023
-904
917
-7576
91
-7010
-7186
2290
-660
47501
92050
99
3739
-89772
-80
-199
1177
19333
-66791
-84
-87
47167
97
-88
2750
-94904
547
-46578
-81
-46771
-100
-957
-6968
-60436
9214
-941
960
-627
-58326
-86
-38487
-80
88928
-82
-2478
717
65620
428
46244
4186
-86
121
2639
-6682
-196
82
-97
-637
5382
89
-86
-16009
-71791
-217
-81
921
349
-415
-910
-2976
-98
161
239
81517
86
-222
-26424
2529
202
-96
-7945
82
-608
-81
98
-2883
-7951
-2102
54901
-7979
-81
-53287
-162
438
-332
-588
-9073
-95
4447
89853
3056
13233
-713
89
3864
-96
-162
82
9855
81
-2146
484
-6406
-8874
-93
-301
-3393
58890
-795
-84
-820
-82
4931
97
27303
-88
-87
-25180
-492
-9381
-613
131
-24967
-83
-87
92524
-5520
-354
86
824
-4340
-3319
-5329
-5247
-977
9846
-344
-8720
-93
90
-42906
87
295
-91
-99956
-81
677
-91
-74054
-7205
-663
-478
363
-707
-281
-1861
-759
-84
82
9442
-569
-712
99
-4257
-377
2457
-955
997
123
-81
1996
93
1601
-8363
-82
-818
-598
1108
-45458
51042
2551
57855
-44556
361
-96
93
-808
83
-4431
-91
-838
-680
985
372
-644
81
8783
-86
-522
7607
-7385
58412
5258
-279
-7279
-95
-8294
-834
-515
62656
92
-37401
97
-5393
7771
-75056
-8129
95
-30089
2347
-91
-20413
-81
-81
91
-21672
-461
-3143
1785
-872
-352
-118
88163
-750
4415
56060
-274
-90
406
-8220
-62580
-91
9579
-75655
88
5226
-99852
-95
75315
-4632
18024
-221
-97
-515
-80263
-28012
-9309
-809
94
-84
-7528
-836
-3619
9418
89
-44859
-844
-69237
-66674
-886
-7226
5002
94220
4268
-84737
-89
-2996
-96
-200
-3664
-81
-83
2408
-798
95038
939
86
7766
-4358
-99
-1153
100
-45015
-92
-99
-67393
-94
-97
-86
-665
-81
-605
-94
-23916
-7789
-2673
-643
-98
57755
-815
93085
-96
-62382
-91
59572
-204
20150
-110
-3845
-38409
90702
-426
12860
-6516
-428
98
-88
8418
14768
-1599
-76580
-164
-83
-87
-100
-68755
-70646
-796
-93178
-86
-444
79013
-919
-40694
-29372
-85
-687
-599
1602
-94
464
-936
-90003
-503
-711
-839
-17860
-80
-810
295
44028
-47090
-87268
-82
583
-825
-85
8546
-36303
23353
89284
-79945
918
-3426
84249
-83175
86
77461
-84800
48812
394
-711
350
69790
50502
-57723
77516
28313
-96311
-4707
-424
-80
87
82
40178
-29629
-206
31319
-69025
-98
-5105
91
-88
147
-22500
-81
-95
-757
-37042
9144
-646
-99
-41504
-356
-4313
-1602
-429
-29856
172
-99989
-83
-166
-84990
241
4428
-823
-727
-9742
263
4057
-1195
81472
-34648
68937
682
-4460
947
-26670
-81
-65451
-43164
-10447
-7023
-727
5070
-6182
-97
-96070
88
-91902
-585
888
-97
-727
-2774
86
-26630
-28956
89
6403
-8939
82134
88
-451
-65684
-94
-963
-331
-33164
-83
-92
-8968
492
-7928
-83
-81
70086
32898
-99
-5593
-844
-5045
-89
85
-89
91
-546
86
85
-479
91393
837
278
1802
3083
-740
-48940
46648
-100
-1898
-661
-3967
42921
-462
-93
-87
-83632
8639
174
-84
-421
-398
97
-933
-47596
36482
-4472
-26212
-90
89712
3224
-94
-80365
581
-6799
-7195
-97
80
9909
821
-98
-81
448
5911
-80
91
-7238
-86
3951
-25811
-10023
-548
-647
-732
-378
15148
98
2902
-313
-34828
-264
93
-85
80861
90
96098
-6262
-2040
-80
-1601
2222
-80
706
356
50856
9680
-61354
-4117
-603
144
-81
-17635
689
-2440
-28632
-66842
858
-8409
-9948
-9596
-433
51702
152
-342
-89021
38466
7427
5980
-5350
-3925
6759
-385
-221
-82
-62917
7637
7629
-3244
42264
4157
100
106
512
6617
-548
87
-89
10850
-208
-8611
81
-99
8316
3528
-86
86
-87
5188
-70385
-74080
-90
-89
-93
-5341
-81911
-91
82
-988
553
-457
-125
90089
-80
-98
100
86
-773
438
13424
60491
-86
-569
-1102
88101
-7587
610
261
6409
-75275
-83
96
693
-89953
-93
82
-524
95
-74976
-5221
-5040
-39695
-139
633
-367
-798
-33242
395
9398
-19916
-3101
-8447
94952
-99
2975
81
54491
1784
-634
261
-2420
2294
985
-4128
-83
-80
853
61063
-134
657
-1588
789
9850
-90
-731
-37300
803
100
-93
-79809
-51215
-7744
-14292
-23924
-5278
96077
99
-26725
86617
92
120
-96840
-7890
-99
-13268
81
-624
-80
4563
-30971
-34999
770
7515
-688
21687
527
-731
86
-88
-2583
-24341
-98545
776
-39039
91
-85
27674
94
-888
-84
-175
845
-95
-90
-27789
7106
-528
-671
8601
7250
-95
924
334
-89
671
-8661
-21298
82
-398
57092
43191
89137
-918
94
5249
61150
6488
-6612
-49548
-75240
97145
-3864
-793
7042
99796
20219
-840
67073
87
-14049
-92
2131
-6583
-89
78244
-35766
-9961
-859
-532
-908
-9052
-84
-4286
-862
82
4381
-94433
-652
-48373
-724
-1516
-87
81
-6635
1880
17158
5341
-1088
326
18818
8285
-83306
7836
-140
-82
41824
85
6169
-100
-45933
-189
-635
-658
-93
-3565
19198
-82342
-4116
-159
1296
86
-4322
724
-97531
-9681
-100
-85
818
14617
-46720
11075
46934
-9079
1160
6945
-4018
-769
94
-33276
-94165
-96379
-2315
3024
-9090
25633
-85
90
-8710
-83
-509
800
2320
-7353
-178
-1302
-637
-92
7163
1026
91
7153
-349
-84
-729
7988
90
234
-18239
-18567
-100
-411
4745
-6806
6517
-51041
793
-95
6826
1024
8603
-30824
-83
-422
102
-95
92
-19346
-91
-269
-245
1058
-77321
-4967
-97394
-5788
3456
-86
91
91
-59090
-84
90
93
-96
-816
2605
-93
-7613
-95
81
427
-5353
85
-163
-90
8715
905
3068
83
-43341
90
-94
-3259
-6318
757
82
3541
-4145
161
-15924
4361
768
90047
-95
822
4694
89
736
-90
177
581
8153
-91
-2624
-87
-92579
409
87
100
187
-33759
8568
90429
-712
-82625
-9714
87
80
-97
95
52782
-695
-348
-98
73794
7650
100
-627
21963
-56754
-86
96
94
-912
-764
6769
-8685
-80
-80
81
-651
5460
-88
-3151
388
-5990
5837
-91
66164
-83
-7337
955
-500
87
47871
-7616
593
-2589
-89418
-13214
-975
-460
-1381
83
95042
9924
-23466
-749
3404
-9209
565
90
-5869
-3557
-94
-627
99
-80
-1401
82
91
4123
4312
9732
124
-68031
-69833
-97480
7768
-34193
-588
-497
94621
363
631
25678
539
-93
-883
-87
-576
-246
-6189
90
8646
-29522
7356
-8151
29780
5057
-8055
65360
-5574
-8495
-6299
-2769
81046
-99
724
100
308
-6700
-16749
8297
-4107
-286
-100
87
94
-7968
99
-3681
-6657
-94
-28794
-3042
85
53399
-18469
-96726
-53960
2390
-97
8414
-316
-85
8932
-753
-3296
-23636
-4975
-535
95
-4116
-486
-145
97638
-7514
18553
-76263
100
9021
8041
893
952
-653
-5780
-4034
-2117
-25363
-91
-97
25499
88
-4331
40511
857
30193
-87
41075
8722
-2547
-726
26959
25742
-11901
-485
-9219
3879
913
547
-131
854
-573
-1105
6250
43671
-473
87
-98
807
7729
96
94
-94
40138
-5361
-779
82
-98
317
904
4683
6443
-96200
-46748
-89
-3574
-84
68505
-486
-89
-90
-47743
-716
-9381
-3095
-20503
-89
2302
49923
-9450
78835
95
134
59124
98
53971
97
-86686
-8398
-845
7341
-79351
88
-94264
-94
648
-81
91
-92
94
-64859
-9270
85
-86
8475
458
-550
-6800
-650
6713
-59893
48529
-9291
-8502
-3697
-732
-420
762
-5638
96
91
-96
-2654
-72550
-2191
-28206
-33024
82
-49314
-538
6741
9861
-68491
-27027
3838
-715
-624
-83
45506
7063
-5384
-578
83
-325
6680
-21250
47241
-97
-94727
-232
-87
-99
-1000
100
-350
2924
538
-552
28580
-44077
-88
-8389
-59124
551
98
97592
91199
52837
4559
-94515
-710
18926
97
783
-1639
-307
3239
-83940
98
3183
99
-6651
83
-9870
-254
567
-86
-87
-92
-556
-350
-6236
605
8734
-655
-91
-728
23782
48791
-7374
-98056
-80
99
-69945
-34298
-88
-906
-208
1775
-92
-85
855
271
-99
-3150
-162
9992
-473
-97
663
303
93
-1985
4104
-97
-100
5360
-615
-94830
-44386
29776
83
-66459
4706
-89
-563
-180
84
772
-62875
-9803
-186
91
-95
64331
98
2810
3400
-81
-876
-4915
71991
80
404
5122
-8728
-98
75662
51138
-3676
-62939
-95858
-9104
-80
-3525
38719
71527
94
-94
-97
8394
342
-88
-2566
4818
-97
-611
-9973
-6188
99
-57608
-120
-9051
-3570
61863
-500
348
48510
-2339
-3817
7672
739
-92
505
-2500
-6223
3945
-97078
-722
-5041
85258
-71817
97651
-65607
98
-26127
166
-458
8816
4279
-8617
-686
-210
-766
-920
-78564
-7726
67075
-52198
1669
-2136
-3678
-86124
-1094
7795
99
-2711
7271
5819
-9447
-488
-54591
-6378
85
100
925
24644
-80
71544
-75900
-579
99
878
631
27309
-66502
-413
-85
9856
-1131
-772
-190
91
6183
-186
-218
-4185
-89
517
-89
-75440
-93
-33408
7313
-2955
-7341
-207
384
-86
-4798
-39571
-100
-86979
-805
187
99
6283
-7893
-116
-31959
-205
-3621
468
8348
-88
92
-6126
509
-524
122
70427
-1778
309
88902
750
-6543
-20231
-7728
-167
-63319
-827
-410
-100
-8379
97
91
1869
-8829
-81
94
-68906
8869
-2937
97084
-3115
-518
-83717
-84
90
807
27699
-4633
-56911
81
-732
81
91
-25465
-249
-4397
-828
-100
-176
-902
-13842
-152
-84
97
-512
-82
530
-21545
84
100
-83
947
-92926
-83620
6335
-6592
-17180
-58049
-95
29458
697
-4418
-961
-49916
-2377
30554
5167
-242
-939
-99803
-645
84
6943
-6593
-3445
-81
146
-640
-294
21140
-88
249
28949
-147
-96
-90
-1375
91
-91979
63043
-82
-9031
5840
-28852
91
273
89
4999
6983
9878
116
-902
-1082
-72475
86
80
99
-31062
-343
654
-638
-406
-13942
2328
-295
-716
7289
8827
-93
-12800
-23447
-6815
-93212
2737
-735
-42543
-1439
-2696
51662
-614
-48520
81
-100
948
1637
80
-2475
-783
94
-826
94
-82
-548
81
-95678
84
9884
81
-4786
88
-644
583
-95416
84
-406
1838
-100
-91
88
9425
535
83505
914
91
-81
54557
362
69325
-136
-92
79276
-98
278
-13828
-83
678
-760
6871
-99936
-93
93
-5394
-80
-9196
81
-65317
-568
867
-5081
-58746
-94324
-85
-99
89
-974
-152
-255
68431
-27374
-5013
99
2296
-475
7873
-79214
34375
-66550
62129
-57173
-6196
-744
-8643
-81
-67263
51528
97
94
-661
-98
934
-5135
-95
1124
2834
445
-6970
-967
-104
27183
626
-67620
-620
-9500
-97
-83
-660
-91544
3913
2401
-4070
-94
-422
-93
89
-461
-1654
-8508
-6028
-932
-3031
-31034
-99
-100
980
89
-3438
-80
-6299
686
-8410
-44975
-73123
-92
-817
-84
45788
-2828
-3954
-44411
-13467
-46568
89
80
86
-7834
-4297
-54978
98495
1267
-20608
-6394
-784
-91
-61949
-3283
-1420
864
-83
94450
6436
-88
-79013
-88
-3305
99
-100
-918
1965
80
-20063
29608
-13658
96
2085
8910
42723
-76545
7000
1562
856
-460
-644
-7871
-84
-37135
789
6228
-98885
-5697
-2105
-376
870
87
-94
7198
-950
-114
95
-7628
-87
-84
707
-83643
-8136
7209
61730
710
-9381
2881
95
52955
-3208
23274
-4284
-99
3480
45626
-412
-86
-23527
80
-5211
6515
4097
98
-44863
-93
997
-99
-13340
1091
-88
-6102
82
-28356
-96
77376
25564
95
-91
-202
82076
97
-592
-88
-4756
-83
-3274
-84
-100
5188
-366
-1356
15854
-433
59034
151
-83
-98525
5969
-207
-678
-5705
98
-8773
-17095
9083
34660
85406
-607
-648
-51492
6156
-78351
82
-165
-668
6494
-919
-84
-340
-69453
-6675
-418
-37108
-92675
-178
782
-756
96753
83
-2158
-1037
-258
-97
-2674
-7571
-151
-58611
-80
213
8977
-79962
-68847
-94
93987
48523
-1412
-219
-84
23243
-72912
-1100
-96
579
-66952
-85
-78065
-92785
70524
-99
-93
92
7601
861
3266
-61011
835
-280
729
-2770
-3915
-83
298
-6160
4270
-3607
503
55294
-267
-6397
643
-94789
99
51195
-141
-305
-824
-891
98
-175
-76726
-9441
-90756
-607
-92
27209
-83
-5874
-12495
-100
-9013
-80
89
1466
-3753
2099
-765
7787
644
-87
-80
4245
96
-85
99
565
-725
-36142
-976
-82
-68552
126
-83
-3859
-91
251
-98188
947
-90
-94
-21081
-90
-248
-8953
8923
4601
1183
-3945
-14184
-90
7544
-96
-89
482
80802
-100
879
5876
-781
-95534
1396
998
-65309
277
-566
-2088
64889
-83
231
98434
-5060
92
-100
-68440
-409
537
84
-620
362
-26940
-95
6996
703
-4691
-167
91
-3683
-8822
80
541
-319
-663
93
829
2720
20034
-802
39383
85
97
-77033
-82
-4668
1154
-5561
32945
-282
877
8207
-955
83
859
83312
81
-2959
-7196
-244
77295
33592
96
629
-7507
-6109
-80
8704
5616
74048
-50190
-97
520
-100
-97545
-1103
-5427
82
-5703
115
-62572
84
-975
-548
494
-85
80
46317
69671
-8552
-6882
499
-3196
97
136
-1178
8075
-25090
43285
100
-459
92
-3956
-81
-721
1378
-7871
88
-19645
-552
-865
930
57907
-505
94
-509
-50029
-56050
-100
-62565
-1278
-80850
-99383
74158
-96
-108
-84
-4940
-163
100
4302
94
-4557
-1660
-9107
-88
-483
-6508
-81
82
3316
-83
-3915
4882
-44122
5982
-50508
97
83
-739
-30954
10051
3042
-53838
80
88
36108
-585
30083
699
-94
590
-374
-550
-416
-6658
-397
92556
-765
94
99
88
-290
963
9284
-20988
-71185
-2926
78242
-8714
-35348
545
-8976
82
-73750
-52009
-512
-70928
-839
89759
97
-99
-94
-99
-36152
21226
-717
-271
-29667
1380
-37107
-3332
9948
68891
-7037
-73651
4175
-77366
8990
-100
11986
-74961
-719
-2855
-5524
-957
-6691
-40239
84
501
83
-2251
25655
-97
-1877
-5255
384
6924
-5857
169
147
87
-603
-9360
-100
-654
96
-838
8665
65078
-98
-86605
-93
-5455
-95
-7958
-13713
-93
4078
-660
-83
-34859
1954
8297
-67646
36023
-409
80837
-7889
-380
-6557
374
-96
805
-95
-1723
-594
99
-9731
92
933
-14633
5881
-104
-5246
-82
-23513
-95
-93725
-635
523
-86
5873
-89
-91
-22040
-9399
-4427
-8891
-9320
-7825
-85
-6195
-58066
89
-46407
9484
-880
-9105
-62724
-95
-908
-628
55321
-48433
2092
-883
95
668
15726
36255
-98
89
91
-87
-8906
-336
80
-736
-507
51134
-8695
602
8856
250
-5550
-28164
19367
-98
100
-1740
93
-872
-45940
-419
98
-1190
-664
-19346
-83
-280
-3216
943
-233
2350
-63345
-96
34240
94
-9730
496
-456
-56432
-73353
57117
248
3366
2711
-96
-8110
83
-100
6099
-8536
94
9068
-85
-541
-2816
-51429
-45223
-85
-3955
93
-72672
990
335
90365
-96995
830
7321
760
-20850
-720
-581
-35696
-8874
33442
98
-72775
90
-31620
-2795
98
57757
197
38572
-644
-7729
-309
94
-99
-2316
631
-65523
980
626
4699
-942
-25156
-91
-95178
-91
45648
-401
33944
-54854
-64804
-82
-88408
-78313
-68014
85
2655
-9746
-208
23255
-511
632
4575
-6606
92
-176
88001
740
405
-3205
-80
-347
-2991
305
5321
94
13843
894
98
-89
1956
-935
-93
91
100
-82
645
84912
-10826
-677
-1331
-97
-839
594
-93
9546
317
-93
73762
509
63331
9062
98
-96
-402
-3476
935
-358
-84
-396
-100
-771
-81
57210
-2130
52919
93
-114
-123
-99947
-94
79125
8137
95
1865
-467
27731
-94
-98
-36615
-899
89
-4388
-96968
7519
294
34139
-96
-287
-94
187
-84
-2051
-117
-698
-961
-333
86
394
-97
52809
89
-642
-5603
4958
-2661
850
-9730
7508
-4940
-586
100
-2462
-787
3495
85
-301
-590
-515
-6445
-100
979
-86
-5099
461
-7149
93133
-739
-82
939
87
203
833
-7261
92
8903
-94
-128
3082
-8452
90
666
3073
-85
96804
-68553
-434
34014
-776
-3297
-163
-1280
-3264
-9037
3739
-20205
280
7550
5761
-99928
94
456
-460
-94
93
-71205
81
-3320
-1998
-854
-90251
-96
-87
347
-82
-736
86
9559
-425
-52010
-403
6764
-43268
-332
30410
-26244
90
998
90
875
-23831
-94655
9677
96
-740
-3094
-8568
-3281
498
-129
-3199
58017
-86
-644
-538
8865
-85
925
49720
-1318
3554
-2455
91
-94
-839
92
609
859
-7741
-1442
-330
9437
258
-1639
394
-953
-8396
6211
-91117
-833
83
-14072
97
-1913
3671
94
-84
-87
-7583
-89
-89
-387
-84
1536
-80
-283
-439
94772
94
2416
437
-1928
5394
-84155
-875
-492
-6832
7777
80
-92
-823
-72883
-82
992
87
-96
-34814
68864
4678
849
-8209
7102
-8940
98
1137
81
1626
-2447
-9128
100
2220
-98
88
711
-64551
-160
-9579
14512
-97768
-5818
-91
83827
23268
-93
686
-94
81856
4770
-8410
68119
6260
-79646
-3382
-64665
-98585
-80
88
-819
10481
-61714
-15361
70147
-95718
-744
-253
-870
789
-82
-575
253
-89
92
6139
738
-1361
-72312
79645
-43724
96
-8766
3781
-838
-602
-5202
-124
-2240
-6932
938
-3755
3595
-1188
-185
9972
-4067
-3476
95
98
-63083
-1024
-887
6104
-83
-66647
6229
7697
87
-11989
-42725
-85
943
-98
-90
-264
1760
-7639
-214
-83
-93031
-3110
-84
-82
97
-92
-7062
-392
38819
-363
8152
-599
-9182
-512
-16135
-233
-88
8167
-186
3998
-932
-74139
481
-97
-29279
68403
-47809
505
-409
-87795
841
13524
-552
-7870
-81
-6956
-3006
7011
-8059
85
-84
3015
203
-1265
-80
184
-839
-917
5375
9834
-4740
-1758
-2427
-14583
-24859
-90
-84
544
-6003
58275
-77283
-511
7372
-81
-99380
102
80
-87
-43658
52143
-82
55418
8846
-110
-69652
-85056
-2318
96
-95
943
-608
-87
-33730
1610
84975
29245
78348
-54321
2792
-384
8881
81
-970
5602
-86
-2184
83
-9321
49341
20458
-586
-286
9191
2756
-802
-91893
-90
-2435
62869
-83
-41090
68716
95
-13757
-87
9460
-83931
26469
-96
-41027
869
28526
-90
-9478
90
-261
84
-86
-97
-4765
-83
-4265
-563
33280
87
-778
-83469
-181
-83
412
88
-4795
319
-83
7558
518
-90
-749
83
-83
96
-12152
-83
87
77579
12148
3435
-65272
100
-7117
-656
-94
3976
145
-7367
-79749
89
-7096
-92
843
-725
25416
-490
-417
99761
-3235
-571
671
-4462
-215
-169
-30257
-54790
-6950
-4249
90
-868
-80
-835
-544
-84
498
-4192
-8095
-9773
-242
523
-960
8582
4601
-97
400
-804
-33007
-7788
-297
4649
-99
-1029
7109
340
2255
-93
-3446
-92
-121
-5333
143
-542
-95
-9660
927
97
-506
-160
-662
81
-42161
-899
4590
1786
49290
-13911
82561
-36173
-927
407
-33178
46091
-71978
80
261
-238
-79518
212
571
680
-24835
179
-448
894
-89
937
-1234
-83
-51503
-83
85
-7076
-90
-6748
91
44466
-448
-146
-98
633
-96
39984
-21852
-2757
-2453
-9522
-799
35552
-3183
-99
430
-94136
-748
-935
93
-80
-20699
-220
87
-188
-7091
48923
-436
1926
-668
26827
87
5455
6684
5508
100
-324
-4633
-99
80
225
94
-7689
801
-91
50340
89
-94
21055
86
-8812
-8836
-80
-85
-90297
-90
932
-86179
-5916
3854
-96
-92
38294
899
429
-275
-99528
-381
636
-7532
8854
2153
80
-98
-680
-687
700
87
72731
99
-97836
93
-787
